 564
 -100 1  3.13159307 -0.01
 -100 2  3.12159541 -0.02
 -100 3  3.11160174 -0.03
 -100 4  3.10161405 -0.04
 -100 5  3.09163435 -0.05
 -100 6  3.08166459 -0.06
 -100 7  3.07170674 -0.07
 -100 8  3.06176276 -0.08
 -100 9  3.05183457 -0.09
 -99 10  3.04092409 -0.101010101
 -99 11  3.03093552 -0.111111111
 -99 12  3.02096907 -0.121212121
 -99 13  3.01102665 -0.131313131
 -99 14  3.00111011 -0.141414141
 -99 15  2.99122131 -0.151515152
 -99 16  2.98136206 -0.161616162
 -99 17  2.97153412 -0.171717172
 -98 18  2.95994391 -0.183673469
 -98 19  2.95009102 -0.193877551
 -98 20  2.94027563 -0.204081633
 -98 21  2.93049941 -0.214285714
 -98 22  2.92076397 -0.224489796
 -97 23  2.90877893 -0.237113402
 -97 24  2.89904126 -0.24742268
 -97 25  2.88935028 -0.257731959
 -97 26  2.87970748 -0.268041237
 -96 27  2.86742529 -0.28125
 -96 28  2.85779863 -0.291666667
 -96 29  2.84822573 -0.302083333
 -95 30  2.83571387 -0.315789474
 -95 31  2.82617122 -0.326315789
 -95 32  2.81668762 -0.336842105
 -94 33  2.8039705 -0.35106383
 -94 34  2.79453114 -0.361702128
 -94 35  2.78515579 -0.372340426
 -93 36  2.77225908 -0.387096774
 -93 37  2.76294165 -0.397849462
 -92 38  2.7498928 -0.413043478
 -92 39  2.74064312 -0.423913043
 -92 40  2.7314654 -0.434782609
 -91 41  2.71828199 -0.450549451
 -91 42  2.70918497 -0.461538462
 -90 43  2.69588043 -0.477777778
 -90 44  2.68687347 -0.488888889
 -89 45  2.67346086 -0.505617978
 -89 46  2.66455308 -0.516853933
 -88 47  2.65104579 -0.534090909
 -88 48  2.64224602 -0.545454545
 -87 49  2.62865773 -0.563218391
 -87 50  2.61997444 -0.574712644
 -86 51  2.60631899 -0.593023256
 -85 52  2.5925676 -0.611764706
 -85 53  2.58405163 -0.623529412
 -84 54  2.57025526 -0.642857143
 -84 55  2.56187724 -0.654761905
 -83 56  2.54805003 -0.674698795
 -82 57  2.53414814 -0.695121951
 -81 58  2.52017639 -0.716049383
 -81 59  2.51206278 -0.728395062
 -80 60  2.49809163 -0.75
 -79 61  2.4840645 -0.772151899
 -78 62  2.46998658 -0.794871795
 -78 63  2.46217894 -0.807692308
 -77 64  2.44813324 -0.831168831
 -76 65  2.43405107 -0.855263158
 -75 66  2.41993789 -0.88
 -74 67  2.40579924 -0.905405405
 -73 68  2.39164072 -0.931506849
 -72 69  2.37746796 -0.958333333
 -71 70  2.36328666 -0.985915493
 -70 71  2.3491025 -1.01428571
 -69 72  2.33492119 -1.04347826
 -68 73  2.32074844 -1.07352941
 -67 74  2.30658991 -1.10447761
 -66 75  2.29245127 -1.13636364
 -65 76  2.27833809 -1.16923077
 -64 77  2.26425592 -1.203125
 -63 78  2.25021022 -1.23809524
 -62 78  2.24240257 -1.25806452
 -61 79  2.22832466 -1.29508197
 -60 80  2.21429752 -1.33333333
 -59 81  2.20032638 -1.37288136
 -58 81  2.19221276 -1.39655172
 -57 82  2.17824101 -1.43859649
 -56 83  2.16433913 -1.48214286
 -55 84  2.15051191 -1.52727273
 -54 84  2.14213389 -1.55555556
 -53 85  2.12833753 -1.60377358
 -52 85  2.11982155 -1.63461538
 -51 86  2.10607016 -1.68627451
 -50 87  2.09241471 -1.74
 -49 87  2.08373143 -1.7755102
 -48 88  2.07014314 -1.83333333
 -47 88  2.06134336 -1.87234043
 -46 89  2.04783608 -1.93478261
 -45 89  2.0389283 -1.97777778
 -44 90  2.02551569 -2.04545455
 -43 90  2.01650873 -2.09302326
 -42 91  2.00320419 -2.16666667
 -41 91  1.99410717 -2.2195122
 -40 92  1.98092375 -2.3
 -39 92  1.97174604 -2.35897436
 -38 92  1.96249635 -2.42105263
 -37 93  1.94944751 -2.51351351
 -36 93  1.94013007 -2.58333333
 -35 94  1.92723337 -2.68571429
 -34 94  1.91785802 -2.76470588
 -33 94  1.90841865 -2.84848485
 -32 95  1.89570153 -2.96875
 -31 95  1.88621794 -3.06451613
 -30 95  1.87667529 -3.16666667
 -29 96  1.86416343 -3.31034483
 -28 96  1.85459052 -3.42857143
 -27 96  1.84496387 -3.55555556
 -26 97  1.83268168 -3.73076923
 -25 97  1.82303887 -3.88
 -24 97  1.8133479 -4.04166667
 -23 97  1.80361023 -4.2173913
 -22 98  1.79162518 -4.45454545
 -21 98  1.78188975 -4.66666667
 -20 98  1.77211352 -4.9
 -19 98  1.76229813 -5.15789474
 -18 98  1.75244524 -5.44444444
 -17 99  1.74085504 -5.82352941
 -16 99  1.7310271 -6.1875
 -15 99  1.72116784 -6.6
 -14 99  1.71127904 -7.07142857
 -13 99  1.70136251 -7.61538462
 -12 99  1.69142008 -8.25
 -11 99  1.68145364 -9.
 -10 99  1.67146507 -9.9
 -9 100  1.66055459 -11.1111111
 -8 100  1.6506264 -12.5
 -7 100  1.64068242 -14.2857143
 -6 100  1.63072457 -16.6666667
 -5 100  1.62075481 -20.
 -4 100  1.6107751 -25.
 -3 100  1.60078742 -33.3333333
 -2 100  1.59079375 -50.
 -1 100  1.58079608 -100.
 0 100  1.57079637
 1 100  1.56079666  100.
 2 100  1.55079899  50.
 3 100  1.54080532  33.3333333
 4 100  1.53081764  25.
 5 100  1.52083793  20.
 6 100  1.51086817  16.6666667
 7 100  1.50091033  14.2857143
 8 100  1.49096634  12.5
 9 100  1.48103815  11.1111111
 10 99  1.47012767  9.9
 11 99  1.46013911  9.
 12 99  1.45017266  8.25
 13 99  1.44023023  7.61538462
 14 99  1.4303137  7.07142857
 15 99  1.4204249  6.6
 16 99  1.41056564  6.1875
 17 99  1.40073771  5.82352941
 18 98  1.3891475  5.44444444
 19 98  1.37929461  5.15789474
 20 98  1.36947922  4.9
 21 98  1.35970299  4.66666667
 22 98  1.34996756  4.45454545
 23 97  1.33798251  4.2173913
 24 97  1.32824484  4.04166667
 25 97  1.31855387  3.88
 26 97  1.30891106  3.73076923
 27 96  1.29662888  3.55555556
 28 96  1.28700222  3.42857143
 29 96  1.27742931  3.31034483
 30 95  1.26491746  3.16666667
 31 95  1.2553748  3.06451613
 32 95  1.24589121  2.96875
 33 94  1.23317409  2.84848485
 34 94  1.22373472  2.76470588
 35 94  1.21435937  2.68571429
 36 93  1.20146267  2.58333333
 37 93  1.19214524  2.51351351
 38 92  1.17909639  2.42105263
 39 92  1.1698467  2.35897436
 40 92  1.16066899  2.3
 41 91  1.14748557  2.2195122
 42 91  1.13838855  2.16666667
 43 90  1.12508401  2.09302326
 44 90  1.11607705  2.04545455
 45 89  1.10266444  1.97777778
 46 89  1.09375666  1.93478261
 47 88  1.08024938  1.87234043
 48 88  1.07144961  1.83333333
 49 87  1.05786131  1.7755102
 50 87  1.04917803  1.74
 51 86  1.03552258  1.68627451
 52 85  1.02177119  1.63461538
 53 85  1.01325521  1.60377358
 54 84  0.999458847  1.55555556
 55 84  0.991080826  1.52727273
 56 83  0.977253614  1.48214286
 57 82  0.963351729  1.43859649
 58 81  0.94937998  1.39655172
 59 81  0.941266365  1.37288136
 60 80  0.927295218  1.33333333
 61 79  0.913268082  1.29508197
 62 78  0.899190171  1.25806452
 63 78  0.891382521  1.23809524
 64 77  0.877336822  1.203125
 65 76  0.863254653  1.16923077
 66 75  0.849141476  1.13636364
 67 74  0.835002827  1.10447761
 68 73  0.820844304  1.07352941
 69 72  0.806671549  1.04347826
 70 71  0.792490243  1.01428571
 71 70  0.778306084  0.985915493
 72 69  0.764124777  0.958333333
 73 68  0.749952023  0.931506849
 74 67  0.7357935  0.905405405
 75 66  0.721654851  0.88
 76 65  0.707541674  0.855263158
 77 64  0.693459505  0.831168831
 78 63  0.679413805  0.807692308
 78 62  0.671606156  0.794871795
 79 61  0.657528245  0.772151899
 80 60  0.643501109  0.75
 81 59  0.629529962  0.728395062
 81 58  0.621416347  0.716049383
 82 57  0.607444598  0.695121951
 83 56  0.593542713  0.674698795
 84 55  0.5797155  0.654761905
 84 54  0.57133748  0.642857143
 85 53  0.557541115  0.623529412
 85 52  0.54902514  0.611764706
 86 51  0.535273748  0.593023256
 87 50  0.521618297  0.574712644
 87 49  0.512935014  0.563218391
 88 48  0.499346722  0.545454545
 88 47  0.490546949  0.534090909
 89 46  0.477039665  0.516853933
 89 45  0.468131884  0.505617978
 90 44  0.454719275  0.488888889
 90 43  0.445712313  0.477777778
 91 42  0.432407776  0.461538462
 91 41  0.423310756  0.450549451
 92 40  0.410127341  0.434782609
 92 39  0.400949625  0.423913043
 92 38  0.391699939  0.413043478
 93 37  0.378651092  0.397849462
 93 36  0.369333658  0.387096774
 94 35  0.356436952  0.372340426
 94 34  0.347061604  0.361702128
 94 33  0.337622237  0.35106383
 95 32  0.324905118  0.336842105
 95 31  0.315421525  0.326315789
 95 30  0.305878871  0.315789474
 96 29  0.293367012  0.302083333
 96 28  0.283794109  0.291666667
 96 27  0.274167451  0.28125
 97 26  0.261885265  0.268041237
 97 25  0.252242458  0.257731959
 97 24  0.242551483  0.24742268
 97 23  0.232813813  0.237113402
 98 22  0.22082877  0.224489796
 98 21  0.211093333  0.214285714
 98 20  0.201317108  0.204081633
 98 19  0.191501718  0.193877551
 98 18  0.18164883  0.183673469
 99 17  0.170058622  0.171717172
 99 16  0.160230684  0.161616162
 99 15  0.150371428  0.151515152
 99 14  0.140482628  0.141414141
 99 13  0.130566095  0.131313131
 99 12  0.120623669  0.121212121
 99 11  0.110657221  0.111111111
 99 10  0.100668652  0.101010101
 100 9  0.0897581742  0.09
 100 8  0.0798299857  0.08
 100 7  0.0698860016  0.07
 100 6  0.0599281551  0.06
 100 5  0.0499583957  0.05
 100 4  0.0399786871  0.04
 100 3  0.0299910049  0.03
 100 2  0.019997334  0.02
 100 1  0.00999966669  0.01
 100 0  0.  0.
 100 -1 -0.00999966669 -0.01
 100 -2 -0.019997334 -0.02
 100 -3 -0.0299910049 -0.03
 100 -4 -0.0399786871 -0.04
 100 -5 -0.0499583957 -0.05
 100 -6 -0.0599281551 -0.06
 100 -7 -0.0698860016 -0.07
 100 -8 -0.0798299857 -0.08
 100 -9 -0.0897581742 -0.09
 99 -10 -0.100668652 -0.101010101
 99 -11 -0.110657221 -0.111111111
 99 -12 -0.120623669 -0.121212121
 99 -13 -0.130566095 -0.131313131
 99 -14 -0.140482628 -0.141414141
 99 -15 -0.150371428 -0.151515152
 99 -16 -0.160230684 -0.161616162
 99 -17 -0.170058622 -0.171717172
 98 -18 -0.18164883 -0.183673469
 98 -19 -0.191501718 -0.193877551
 98 -20 -0.201317108 -0.204081633
 98 -21 -0.211093333 -0.214285714
 98 -22 -0.22082877 -0.224489796
 97 -23 -0.232813813 -0.237113402
 97 -24 -0.242551483 -0.24742268
 97 -25 -0.252242458 -0.257731959
 97 -26 -0.261885265 -0.268041237
 96 -27 -0.274167451 -0.28125
 96 -28 -0.283794109 -0.291666667
 96 -29 -0.293367012 -0.302083333
 95 -30 -0.305878871 -0.315789474
 95 -31 -0.315421525 -0.326315789
 95 -32 -0.324905118 -0.336842105
 94 -33 -0.337622237 -0.35106383
 94 -34 -0.347061604 -0.361702128
 94 -35 -0.356436952 -0.372340426
 93 -36 -0.369333658 -0.387096774
 93 -37 -0.378651092 -0.397849462
 92 -38 -0.391699939 -0.413043478
 92 -39 -0.400949625 -0.423913043
 92 -40 -0.410127341 -0.434782609
 91 -41 -0.423310756 -0.450549451
 91 -42 -0.432407776 -0.461538462
 90 -43 -0.445712313 -0.477777778
 90 -44 -0.454719275 -0.488888889
 89 -45 -0.468131884 -0.505617978
 89 -46 -0.477039665 -0.516853933
 88 -47 -0.490546949 -0.534090909
 88 -48 -0.499346722 -0.545454545
 87 -49 -0.512935014 -0.563218391
 87 -50 -0.521618297 -0.574712644
 86 -51 -0.535273748 -0.593023256
 85 -52 -0.54902514 -0.611764706
 85 -53 -0.557541115 -0.623529412
 84 -54 -0.57133748 -0.642857143
 84 -55 -0.5797155 -0.654761905
 83 -56 -0.593542713 -0.674698795
 82 -57 -0.607444598 -0.695121951
 81 -58 -0.621416347 -0.716049383
 81 -59 -0.629529962 -0.728395062
 80 -60 -0.643501109 -0.75
 79 -61 -0.657528245 -0.772151899
 78 -62 -0.671606156 -0.794871795
 78 -63 -0.679413805 -0.807692308
 77 -64 -0.693459505 -0.831168831
 76 -65 -0.707541674 -0.855263158
 75 -66 -0.721654851 -0.88
 74 -67 -0.7357935 -0.905405405
 73 -68 -0.749952023 -0.931506849
 72 -69 -0.764124777 -0.958333333
 71 -70 -0.778306084 -0.985915493
 70 -71 -0.792490243 -1.01428571
 69 -72 -0.806671549 -1.04347826
 68 -73 -0.820844304 -1.07352941
 67 -74 -0.835002827 -1.10447761
 66 -75 -0.849141476 -1.13636364
 65 -76 -0.863254653 -1.16923077
 64 -77 -0.877336822 -1.203125
 63 -78 -0.891382521 -1.23809524
 62 -78 -0.899190171 -1.25806452
 61 -79 -0.913268082 -1.29508197
 60 -80 -0.927295218 -1.33333333
 59 -81 -0.941266365 -1.37288136
 58 -81 -0.94937998 -1.39655172
 57 -82 -0.963351729 -1.43859649
 56 -83 -0.977253614 -1.48214286
 55 -84 -0.991080826 -1.52727273
 54 -84 -0.999458847 -1.55555556
 53 -85 -1.01325521 -1.60377358
 52 -85 -1.02177119 -1.63461538
 51 -86 -1.03552258 -1.68627451
 50 -87 -1.04917803 -1.74
 49 -87 -1.05786131 -1.7755102
 48 -88 -1.07144961 -1.83333333
 47 -88 -1.08024938 -1.87234043
 46 -89 -1.09375666 -1.93478261
 45 -89 -1.10266444 -1.97777778
 44 -90 -1.11607705 -2.04545455
 43 -90 -1.12508401 -2.09302326
 42 -91 -1.13838855 -2.16666667
 41 -91 -1.14748557 -2.2195122
 40 -92 -1.16066899 -2.3
 39 -92 -1.1698467 -2.35897436
 38 -92 -1.17909639 -2.42105263
 37 -93 -1.19214524 -2.51351351
 36 -93 -1.20146267 -2.58333333
 35 -94 -1.21435937 -2.68571429
 34 -94 -1.22373472 -2.76470588
 33 -94 -1.23317409 -2.84848485
 32 -95 -1.24589121 -2.96875
 31 -95 -1.2553748 -3.06451613
 30 -95 -1.26491746 -3.16666667
 29 -96 -1.27742931 -3.31034483
 28 -96 -1.28700222 -3.42857143
 27 -96 -1.29662888 -3.55555556
 26 -97 -1.30891106 -3.73076923
 25 -97 -1.31855387 -3.88
 24 -97 -1.32824484 -4.04166667
 23 -97 -1.33798251 -4.2173913
 22 -98 -1.34996756 -4.45454545
 21 -98 -1.35970299 -4.66666667
 20 -98 -1.36947922 -4.9
 19 -98 -1.37929461 -5.15789474
 18 -98 -1.3891475 -5.44444444
 17 -99 -1.40073771 -5.82352941
 16 -99 -1.41056564 -6.1875
 15 -99 -1.4204249 -6.6
 14 -99 -1.4303137 -7.07142857
 13 -99 -1.44023023 -7.61538462
 12 -99 -1.45017266 -8.25
 11 -99 -1.46013911 -9.
 10 -99 -1.47012767 -9.9
 9 -100 -1.48103815 -11.1111111
 8 -100 -1.49096634 -12.5
 7 -100 -1.50091033 -14.2857143
 6 -100 -1.51086817 -16.6666667
 5 -100 -1.52083793 -20.
 4 -100 -1.53081764 -25.
 3 -100 -1.54080532 -33.3333333
 2 -100 -1.55079899 -50.
 1 -100 -1.56079666 -100.
 0 -100 -1.57079637
 -1 -100 -1.58079608  100.
 -2 -100 -1.59079375  50.
 -3 -100 -1.60078742  33.3333333
 -4 -100 -1.6107751  25.
 -5 -100 -1.62075481  20.
 -6 -100 -1.63072457  16.6666667
 -7 -100 -1.64068242  14.2857143
 -8 -100 -1.6506264  12.5
 -9 -100 -1.66055459  11.1111111
 -10 -99 -1.67146507  9.9
 -11 -99 -1.68145364  9.
 -12 -99 -1.69142008  8.25
 -13 -99 -1.70136251  7.61538462
 -14 -99 -1.71127904  7.07142857
 -15 -99 -1.72116784  6.6
 -16 -99 -1.7310271  6.1875
 -17 -99 -1.74085504  5.82352941
 -18 -98 -1.75244524  5.44444444
 -19 -98 -1.76229813  5.15789474
 -20 -98 -1.77211352  4.9
 -21 -98 -1.78188975  4.66666667
 -22 -98 -1.79162518  4.45454545
 -23 -97 -1.80361023  4.2173913
 -24 -97 -1.8133479  4.04166667
 -25 -97 -1.82303887  3.88
 -26 -97 -1.83268168  3.73076923
 -27 -96 -1.84496387  3.55555556
 -28 -96 -1.85459052  3.42857143
 -29 -96 -1.86416343  3.31034483
 -30 -95 -1.87667529  3.16666667
 -31 -95 -1.88621794  3.06451613
 -32 -95 -1.89570153  2.96875
 -33 -94 -1.90841865  2.84848485
 -34 -94 -1.91785802  2.76470588
 -35 -94 -1.92723337  2.68571429
 -36 -93 -1.94013007  2.58333333
 -37 -93 -1.94944751  2.51351351
 -38 -92 -1.96249635  2.42105263
 -39 -92 -1.97174604  2.35897436
 -40 -92 -1.98092375  2.3
 -41 -91 -1.99410717  2.2195122
 -42 -91 -2.00320419  2.16666667
 -43 -90 -2.01650873  2.09302326
 -44 -90 -2.02551569  2.04545455
 -45 -89 -2.0389283  1.97777778
 -46 -89 -2.04783608  1.93478261
 -47 -88 -2.06134336  1.87234043
 -48 -88 -2.07014314  1.83333333
 -49 -87 -2.08373143  1.7755102
 -50 -87 -2.09241471  1.74
 -51 -86 -2.10607016  1.68627451
 -52 -85 -2.11982155  1.63461538
 -53 -85 -2.12833753  1.60377358
 -54 -84 -2.14213389  1.55555556
 -55 -84 -2.15051191  1.52727273
 -56 -83 -2.16433913  1.48214286
 -57 -82 -2.17824101  1.43859649
 -58 -81 -2.19221276  1.39655172
 -59 -81 -2.20032638  1.37288136
 -60 -80 -2.21429752  1.33333333
 -61 -79 -2.22832466  1.29508197
 -62 -78 -2.24240257  1.25806452
 -63 -78 -2.25021022  1.23809524
 -64 -77 -2.26425592  1.203125
 -65 -76 -2.27833809  1.16923077
 -66 -75 -2.29245127  1.13636364
 -67 -74 -2.30658991  1.10447761
 -68 -73 -2.32074844  1.07352941
 -69 -72 -2.33492119  1.04347826
 -70 -71 -2.3491025  1.01428571
 -71 -70 -2.36328666  0.985915493
 -72 -69 -2.37746796  0.958333333
 -73 -68 -2.39164072  0.931506849
 -74 -67 -2.40579924  0.905405405
 -75 -66 -2.41993789  0.88
 -76 -65 -2.43405107  0.855263158
 -77 -64 -2.44813324  0.831168831
 -78 -63 -2.46217894  0.807692308
 -78 -62 -2.46998658  0.794871795
 -79 -61 -2.4840645  0.772151899
 -80 -60 -2.49809163  0.75
 -81 -59 -2.51206278  0.728395062
 -81 -58 -2.52017639  0.716049383
 -82 -57 -2.53414814  0.695121951
 -83 -56 -2.54805003  0.674698795
 -84 -55 -2.56187724  0.654761905
 -84 -54 -2.57025526  0.642857143
 -85 -53 -2.58405163  0.623529412
 -85 -52 -2.5925676  0.611764706
 -86 -51 -2.60631899  0.593023256
 -87 -50 -2.61997444  0.574712644
 -87 -49 -2.62865773  0.563218391
 -88 -48 -2.64224602  0.545454545
 -88 -47 -2.65104579  0.534090909
 -89 -46 -2.66455308  0.516853933
 -89 -45 -2.67346086  0.505617978
 -90 -44 -2.68687347  0.488888889
 -90 -43 -2.69588043  0.477777778
 -91 -42 -2.70918497  0.461538462
 -91 -41 -2.71828199  0.450549451
 -92 -40 -2.7314654  0.434782609
 -92 -39 -2.74064312  0.423913043
 -92 -38 -2.7498928  0.413043478
 -93 -37 -2.76294165  0.397849462
 -93 -36 -2.77225908  0.387096774
 -94 -35 -2.78515579  0.372340426
 -94 -34 -2.79453114  0.361702128
 -94 -33 -2.8039705  0.35106383
 -95 -32 -2.81668762  0.336842105
 -95 -31 -2.82617122  0.326315789
 -95 -30 -2.83571387  0.315789474
 -96 -29 -2.84822573  0.302083333
 -96 -28 -2.85779863  0.291666667
 -96 -27 -2.86742529  0.28125
 -97 -26 -2.87970748  0.268041237
 -97 -25 -2.88935028  0.257731959
 -97 -24 -2.89904126  0.24742268
 -97 -23 -2.90877893  0.237113402
 -98 -22 -2.92076397  0.224489796
 -98 -21 -2.93049941  0.214285714
 -98 -20 -2.94027563  0.204081633
 -98 -19 -2.95009102  0.193877551
 -98 -18 -2.95994391  0.183673469
 -99 -17 -2.97153412  0.171717172
 -99 -16 -2.98136206  0.161616162
 -99 -15 -2.99122131  0.151515152
 -99 -14 -3.00111011  0.141414141
 -99 -13 -3.01102665  0.131313131
 -99 -12 -3.02096907  0.121212121
 -99 -11 -3.03093552  0.111111111
 -99 -10 -3.04092409  0.101010101
 -100 -9 -3.05183457  0.09
 -100 -8 -3.06176276  0.08
 -100 -7 -3.07170674  0.07
 -100 -6 -3.08166459  0.06
 -100 -5 -3.09163435  0.05
 -100 -4 -3.10161405  0.04
 -100 -3 -3.11160174  0.03
 -100 -2 -3.12159541  0.02
 -100 -1 -3.13159307  0.01
 -100 0 -3.14159274  0.
